226633
226633
226633
226633
44aa44
44aa44
226633
226633
226633
226633
226633
886644
886644
886644
886644
888888
226633
226633
226633
44aa44
226633
226633
44aa44
226633
226633
226633
226633
886644
886644
886644
886644
886644
226633
226633
226633
44aa44
226633
226633
44aa44
226633
226633
226633
226633
886644
886644
886644
886644
886644
226633
226633
226633
226633
44aa44
44aa44
226633
226633
226633
226633
226633
886644
886644
886644
886644
886644
226633
226633
226633
226633
226633
226633
226633
226633
226633
226633
226633
886644
886644
886644
886644
886644
226633
226633
226633
888888
888888
888888
888888
888888
888888
888888
888888
886644
886644
886644
886644
888888
226633
226633
888888
888888
226633
226633
226633
226633
226633
226633
226633
886644
886644
886644
888888
5588cc
226633
888888
888888
226633
226633
44aa44
44aa44
226633
226633
226633
226633
886644
886644
888888
5588cc
5588cc
888888
888888
226633
226633
44aa44
226633
226633
44aa44
226633
226633
226633
886644
888888
5588cc
5588cc
5588cc
888888
226633
226633
226633
44aa44
226633
226633
44aa44
226633
226633
226633
888888
5588cc
5588cc
5588cc
5588cc
226633
226633
226633
226633
226633
44aa44
44aa44
226633
226633
226633
226633
888888
5588cc
5588cc
5588cc
5588cc
226633
226633
226633
226633
226633
226633
226633
226633
226633
226633
226633
5588cc
5588cc
5588cc
5588cc
5588cc
226633
226633
226633
226633
226633
226633
226633
226633
226633
226633
226633
5588cc
5588cc
5588cc
5588cc
5588cc
226633
226633
226633
226633
226633
226633
226633
226633
226633
226633
226633
5588cc
5588cc
5588cc
5588cc
5588cc
226633
226633
226633
226633
226633
226633
226633
226633
226633
226633
226633
5588cc
5588cc
5588cc
5588cc
5588cc
226633
226633
226633
44aa44
44aa44
226633
226633
226633
226633
226633
226633
5588cc
5588cc
5588cc
5588cc
5588cc
