886644
886644
886644
886644
886644
886644
886644
886644
886644
886644
886644
886644
886644
888888
886644
cccccc
886644
886644
886644
886644
886644
886644
886644
886644
886644
886644
886644
886644
886644
886644
888888
cccccc
226633
226633
226633
226633
226633
226633
226633
226633
226633
226633
226633
226633
226633
226633
226633
cccccc
226633
226633
226633
226633
226633
226633
226633
226633
226633
226633
226633
226633
226633
226633
226633
cccccc
888888
888888
888888
888888
888888
888888
888888
888888
888888
888888
888888
888888
888888
888888
888888
cccccc
888888
888888
888888
888888
888888
888888
888888
888888
888888
888888
888888
888888
888888
888888
888888
cccccc
226633
226633
226633
226633
226633
226633
226633
226633
226633
226633
226633
226633
226633
226633
226633
cccccc
226633
226633
226633
226633
226633
226633
226633
226633
226633
226633
226633
226633
226633
226633
226633
cccccc
226633
226633
226633
226633
226633
226633
226633
226633
226633
226633
226633
226633
226633
226633
226633
cccccc
888888
888888
888888
888888
888888
888888
888888
888888
888888
888888
888888
888888
888888
888888
888888
cccccc
888888
888888
888888
888888
888888
888888
888888
888888
888888
888888
888888
888888
888888
888888
888888
cccccc
888888
44aa44
44aa44
888888
888888
888888
44aa44
44aa44
888888
888888
888888
44aa44
44aa44
888888
888888
cccccc
44aa44
888888
888888
44aa44
888888
44aa44
888888
888888
44aa44
888888
44aa44
888888
888888
44aa44
888888
cccccc
44aa44
888888
888888
44aa44
888888
44aa44
888888
888888
44aa44
888888
44aa44
888888
888888
44aa44
888888
cccccc
888888
44aa44
44aa44
888888
888888
888888
44aa44
44aa44
888888
888888
888888
44aa44
44aa44
888888
888888
cccccc
888888
888888
888888
888888
888888
888888
888888
888888
888888
888888
888888
888888
888888
888888
888888
cccccc
