000
000
000
000
000
000
000
000
000
000
000
000
000
000
000
000
000
000
000
000
666666
666666
666666
666666
666666
666666
666666
666666
000
000
000
000
000
000
000
000
666666
ffddbb
ffddbb
666666
666666
666666
666666
666666
000
000
000
000
000
000
000
666666
666666
ffddbb
ffddbb
ffddbb
ffddbb
ffddbb
666666
666666
000
000
000
000
000
000
000
666666
ffddbb
ffddbb
ffffff
ffddbb
ffffff
ffddbb
ffddbb
666666
000
000
000
000
000
000
000
666666
ffddbb
ffddbb
ffffff
ffddbb
ffffff
ffddbb
ffddbb
666666
000
000
000
000
000
000
000
000
666666
ffddbb
ffddbb
ffddbb
ffddbb
ffddbb
666666
000
000
000
000
000
000
000
000
000
666666
666666
ffddbb
ffddbb
ffddbb
666666
666666
000
000
000
000
000
000
000
000
000
5588cc
5588cc
5588cc
5588cc
5588cc
5588cc
5588cc
000
000
000
000
000
000
000
000
000
5588cc
000
5588cc
5588cc
5588cc
000
5588cc
000
000
000
000
000
000
000
000
000
ffddbb
000
5588cc
5588cc
5588cc
000
ffddbb
000
000
000
000
000
000
000
000
000
ffddbb
000
5588cc
5588cc
5588cc
000
ffddbb
000
000
000
000
000
000
000
000
000
000
000
666666
000
666666
000
000
000
000
000
000
000
000
000
000
000
000
000
666666
000
666666
000
000
000
000
000
000
000
000
000
000
000
000
000
666666
000
666666
000
000
000
000
000
000
000
000
000
000
000
000
000
000
000
000
000
000
000
000
000
000
000
