000
000
000
000
000
000
000
000
000
000
000
000
000
000
000
000
000
000
000
000
000
000
000
000
000
000
000
000
000
000
000
000
000
000
ffcc44
ffcc44
ffcc44
ffcc44
ffcc44
ffcc44
ffcc44
ffcc44
ffcc44
ffcc44
ffcc44
000
000
000
000
000
ffcc44
ff8822
ffcc44
ff8822
ffcc44
ff8822
ffcc44
ff8822
ffcc44
ff8822
ffcc44
000
000
000
000
000
000
ffcc44
ffcc44
ffcc44
ffcc44
ffcc44
ffcc44
ffcc44
ffcc44
ffcc44
000
000
000
000
000
000
000
000
886644
886644
886644
886644
886644
886644
886644
000
000
000
000
000
000
000
000
000
886644
664422
886644
664422
886644
886644
886644
000
000
000
000
000
000
000
000
000
886644
664422
886644
664422
886644
886644
886644
000
000
000
000
000
000
000
000
000
886644
886644
886644
886644
886644
886644
886644
000
000
000
000
000
000
000
000
ffcc44
ffcc44
ffcc44
ffcc44
ffcc44
ffcc44
ffcc44
ffcc44
ffcc44
000
000
000
000
000
000
000
ffcc44
ffcc44
ffcc44
ffcc44
ffcc44
ffcc44
ffcc44
ffcc44
ffcc44
000
000
000
000
000
000
000
886644
886644
886644
886644
ffcc44
ffcc44
ffcc44
ffcc44
886644
000
000
000
000
000
000
000
886644
886644
886644
ffcc44
ffcc44
ffcc44
ffcc44
ffcc44
ffcc44
000
000
000
000
000
000
000
886644
886644
886644
ffcc44
ffcc44
ffcc44
ffcc44
ffcc44
ffcc44
000
000
000
000
000
000
000
000
000
000
000
000
000
000
000
000
000
000
000
000
000
000
000
000
000
000
000
000
000
000
000
000
000
000
000
000
